OFF
8
0 0 0 10
0 0 10 10
0 10 0 10
0 10 10 10
10 0 0 10
10 0 10 10
10 10 0 10
10 10 10 10
0
7
29.842338530354 -135.198943689939 285.411055563319 -0.956 -0.2075 0.2072 0.2932 -0.6762 0.6759 -0.0002 0.7069 0.7073
-86.4823917930422 -143.978863005533 294.052063251369 -0.0318 -0.707 0.7065 0.9995 -0.022 0.023 -0.0007 0.7069 0.7073
-113.816709116167 -185.504789955298 287.292467102703 0.7068 -0.5493 0.4457 0.7074 0.5491 -0.4451 -0.0003 0.6299 0.7767
-19.6439185499219 -294.750352606067 411.521262733187 0.8674 0.3684 -0.3346 -0.4977 0.6415 -0.5838 -0.0004 0.6729 0.7397
24.6524504682981 -276.492809615645 426.48866084383 0.3214 0.67 -0.6692 -0.947 0.2272 -0.2273 -0.0003 0.7068 0.7074
108.722835309754 -215.317240655115 317.37773401418 -0.3504 0.7199 -0.5992 -0.9366 -0.2695 0.2238 -0.0004 0.6396 0.7687
70.4794094786755 -107.597030762113 224.767481653703 -0.9989 -0.036 0.0292 0.0464 -0.7745 0.6308 -0.0001 0.6315 0.7754
